103823
114244
116565
117128
117396
117476
117571
117576
117587
117597
117619
117624
117625
117626
117628
117629
117630
117632
117633
117635
117637
117638
117639
117641
117642
117643
117644
117646
117647
117648
117650
117651
117652
117653
117655
117660
117662
117663
117686
117695
117763
117777
118328
124386
124416
125003
125012
128500
129283
131071
131072
134456
136162
137718
137772
137781
137790
137791
137792
137793
137794
137795
137796
137797
137798
137799
137839
137948
139965
139966
146410
146461
146875
147249
147349
147419
147429
147447
147453
147455
147491
147519
151875
155520
155850
156225
156235
156245
156249
156250
156251
156252
156253
156254
156255
156256
156257
156258
156259
156275
156285
156295
157463
158466
161051
163835
163855
163875
167042
167286
170471
175232
175274
176466
176469
176472
177147
182476
184275
184325
184329
184335
184365
184495
184545
184877
185193
186615
186622
186624
186628
186631
186641
186642
186644
186646
186648
186684
187278
196608
196830
206486
209944
209946
209952
210125
216003
216021
218491
227529
229373
229378
232324
233255
233280
234224
234248
234254
234264
234375
234377
235296
235768
236194
236196
236764
238648
245760
247167
248830
248831
248832
248833
248834
248835
248836
248837
248838
248839
249318
250002
252928
253135
255886
257049
259549
261883
262118
262122
262128
262136
262137
262139
262140
262141
262142
262143
262144
262145
262146
262147
262148
262149
262156
262176
262196
262286
262438
262440
263866
265617
265689
266565
268321
268323
268324
273375
274623
275686
279666
279841
279867
279934
279936
279937
279967
282240
287496
289536
291602
294778
294782
294829
294838
294894
294895
294912
294928
295195
295225
295235
295243
295245
295247
295255
295285
295465
295505
296346
296384
299575
312325
314431
314928
325125
326557
326586
326592
326617
326634
326697
327485
331683
331773
333234
344250
347736
351232
352926
352932
352947
352961
354276
354277
354292
354294
354627
357210
360855
367272
368500
371314
372573
373239
373248
374439
374529
375021
375168
379793
386758
388560
388993
389342
390358
390583
390589
390628
390658
391864
393189
393216
393420
393660
393720
393820
397535
411772
413466
413496
413518
413536
417625
419904
420175
425984
432964
437564
437656
437750
455625
456533
456976
459270
466520
466521
466522
466523
466524
466525
466526
466527
466528
466529
466536
466552
466553
466557
466560
466561
466562
466563
466564
466565
466566
466567
466568
466569
466652
466880
470576
470596
470616
470628
470632
471576
472364
472384
472388
472392
472395
472398
472439
474552
475136
475281
476254
483153
484128
492205
493837
493852
497657
497662
497664
508276
515816
523665
524088
524248
524268
524282
524283
524285
524288
524293
524298
524488
524549
524880
526833
531296
531396
531426
531428
531433
531436
531438
531439
531441
531443
531446
531456
531494
531496
531566
531966
538412
546875
549365
551343
559539
562419
563922
577602
578125
583443
583889
584647
585640
585641
585642
585643
585644
585645
585646
585647
585648
585649
588765
589748
589864
590945
592763
597878
606476
614125
624978
629844
629848
635993
640024
645500
649495
649529
653184
655284
655354
655935
656187
656244
656250
656251
656252
656253
656254
656255
656256
656257
656258
656259
656298
656373
656376
656418
656790
656817
657874
658503
659685
663552
677328
699875
705642
715821
728993
729014
741321
742572
742586
755972
756045
756315
756325
756549
756585
759359
759375
765392
766927
774137
776887
777922
777924
781257
786369
786385
786393
786396
786411
786413
786425
786433
786439
786441
786453
789264
805255
805655
806752
823297
823461
823527
823543
824577
839424
839673
839812
839827
839867
844277
851942
851968
856192
857383
861327
875056
875336
884733
884736
886464
907569
912247
923314
924385
937577
944784
973944
979767
984150
100000
100001
100002
100003
100004
100005
100006
100007
100008
100009
100010
100011
100012
100013
100014
100015
100016
100017
100018
100019
100020
100021
100022
100023
100024
100025
100026
